userId,name,address,email,phone
1,Omar Huffman,"4982 Brown Cliffs Suite 121
Littleberg, AK 42969",omar.huffman@wilson.com,001-736-288-5027x44513
2,Mr. Jason Love,"5409 Dylan Garden Apt. 121
New Johntown, ID 71792",mr..jason.love@johnson.com,8468431581
3,Angela Thompson,"5135 Mitchell Wall Suite 083
Natashaport, IA 92902",angela.thompson@reynolds-bennett.com,9807592456
4,Jessica Sherman,"188 Janet Summit
Kramerland, SD 97710",jessica.sherman@watson.org,979.591.2845x2390
5,Oscar Harmon,"78535 Robinson Ranch
West Jennifer, OH 81033",oscar.harmon@brown.org,(796)886-5852x92831
6,Jessica Wilson,"96121 Amy Forks Apt. 993
Fisherstad, MS 29675",jessica.wilson@hernandez.com,205-309-8035x71613
7,Kyle Bailey,"784 Anna Underpass Apt. 256
East Patricia, RI 72329",kyle.bailey@bowen.com,9146232132
8,John Henderson,"367 Charles Shoal Suite 457
Port Kendraburgh, GU 70174",john.henderson@watson-young.info,001-533-290-8972x688
9,Tracey Irwin,"Unit 5055 Box 0975
DPO AA 62028",tracey.irwin@stephenson.biz,001-554-790-9967
10,Margaret Allen,"315 Wilson Orchard
South Tamaraville, MT 72689",margaret.allen@garcia.info,+1-450-326-1048x986
11,Stacy Grant,"46506 Veronica Square Suite 240
Averyborough, OH 43428",stacy.grant@jimenez-lee.com,(579)708-9482x78015
12,Kim Brooks,"0818 Edwards Station Suite 467
Deleonborough, IL 52241",kim.brooks@davis.com,503-358-7159x45771
13,Nicholas Bolton,"3102 Maldonado Meadows
Marquezburgh, SD 59214",nicholas.bolton@pace.com,757.765.9377
14,Laurie Kirk,"Unit 5328 Box 3623
DPO AP 82934",laurie.kirk@mitchell.com,(543)312-5096
15,Angela Garcia,"99332 Stacy Turnpike
North Kyleland, GA 61591",angela.garcia@smith-russell.biz,471.322.0262
16,Wayne Smith,"540 Kimberly Burgs Apt. 401
Lake Aaronmouth, MO 98146",wayne.smith@james.com,(635)961-0934x548
17,Dylan Robinson,"252 Richard Common Suite 135
Lake Kristenland, MT 26896",dylan.robinson@gibson-sexton.net,768-672-1752x57870
18,Katie Brown,"30343 Ali Mission Apt. 541
Fletcherview, CT 20294",katie.brown@davis.info,583.242.0179
19,Misty Williams,"75772 James Lodge
Kellerside, OH 56687",misty.williams@wyatt-atkins.org,261.817.4425x7315
20,Nicole Ramsey,"PSC 3458, Box 0407
APO AA 82932",nicole.ramsey@dennis.com,274-386-8607x4445
21,William Smith,"394 Dominguez Expressway Apt. 401
Mitchellland, OR 47512",william.smith@church.com,286-361-8024x77844
22,Anthony Espinoza,"936 William Underpass
Riverahaven, ID 39476",anthony.espinoza@bentley.com,001-995-457-2504x3523
23,Julia Compton,"PSC 9139, Box 3992
APO AA 04374",julia.compton@bennett-freeman.net,(396)612-8775x42917
24,Joseph Chambers,"65187 Wilson Locks
Edwinmouth, ID 78797",joseph.chambers@reyes.info,4954949538
25,Jennifer Cohen,"426 Daniel Court Suite 637
West Melissa, MH 86751",jennifer.cohen@le.com,+1-206-605-5480x379
26,Theodore Barnett,"369 Justin Meadow
Catherineville, NJ 72589",theodore.barnett@hall-oneal.com,(341)209-9104x818
27,Frank Davis,"33742 Reynolds Unions
Orrstad, PW 48025",frank.davis@wallace.net,(301)651-6374x33722
28,Michael Stone,"7956 Natalie Lodge
Johnsonmouth, AS 30626",michael.stone@hayden-becker.com,957.635.8052
29,Kathleen Schroeder,"USNV Contreras
FPO AP 25026",kathleen.schroeder@allen-gomez.biz,232.529.5927
30,Aaron Castro,"343 Evans Turnpike Apt. 120
Tuckerberg, AL 64124",aaron.castro@george.com,610.780.1156x861
31,Andrew Willis,"1711 Sexton Cove Apt. 302
West Stacey, GU 12753",andrew.willis@chapman.com,(300)987-6076x818
32,Angela Carr,"11720 Perez Junctions Apt. 237
South Brianview, IN 01677",angela.carr@thompson.biz,001-586-502-0430x414
33,Cynthia Owens,"PSC 8613, Box 3499
APO AP 47485",cynthia.owens@walsh.biz,893.224.3470x112
34,Courtney Salinas,"4037 Jonathan Wall
Collinsland, KS 18262",courtney.salinas@mitchell-dunn.com,944-319-1733
35,Sierra Thomas,"542 Danielle Causeway
Vincentstad, IA 45160",sierra.thomas@newton-madden.com,(781)862-6095x3998
36,Cody Lopez,"3411 Sarah Prairie Apt. 616
West Linda, FM 77792",cody.lopez@mccarty.com,(735)707-8494x1267
37,Kevin Hill,"01873 Rodriguez Land Suite 320
Gregoryville, MN 95503",kevin.hill@esparza.net,715-275-0093x8836
38,Michelle Harris,"047 John Fall
Hensonland, AR 83516",michelle.harris@morton-johnson.org,(960)640-3526
39,James Nunez,"9154 Ashley Meadow Apt. 440
Zamorashire, LA 68400",james.nunez@weaver.info,001-365-748-8726x618
40,Cynthia Wilkerson,"591 Vance Path Suite 136
Moodyview, ND 36495",cynthia.wilkerson@ashley.biz,800.339.5593x11737
41,Rhonda Simon MD,"1498 Rivas Hollow
East Larry, NC 92386",rhonda.simon.md@ross-turner.org,334.845.8485
42,Todd Gonzalez,"946 Caitlin Estate Apt. 099
West Tracey, IN 66561",todd.gonzalez@williams.com,(501)296-4392x464
43,Russell Price,"024 Kathleen Lock
South Jenniferhaven, AL 24932",russell.price@watkins.org,904-317-2650x34911
44,Shelley Booth,"PSC 3963, Box 2221
APO AE 95863",shelley.booth@brown.com,6173690185
45,Ashley Lloyd,"28727 Tyler Green
Bradfordville, CA 55689",ashley.lloyd@young.com,284.314.3410x824
46,Jennifer Allen,"26115 Cody Court
West Codybury, MO 78092",jennifer.allen@hudson.com,001-718-444-7037x867
47,Randall Bray,"5488 Lawrence Heights Suite 766
Karenview, MI 55605",randall.bray@kline.info,001-849-281-9676x1561
48,Gabriel Davila,"391 Johnson Lane
West Marybury, PA 38575",gabriel.davila@rogers-moore.com,+1-233-658-6183x4881
49,Michael Williamson,"98583 Robert Heights
Lake Jenna, VT 71770",michael.williamson@holland.biz,956.616.5423x9055
50,Robin Smith,"47477 Peters Trafficway Apt. 989
South Brittanyfort, GU 07339",robin.smith@harrington.com,578-647-1238
51,Bradley Cooper,"198 Cindy Common
East Andrew, MT 21028",bradley.cooper@johnson-hernandez.com,906.594.1683
52,Erika Pearson,"USNS Nelson
FPO AA 38877",erika.pearson@hall-brown.com,(536)243-8226
53,Patricia Johnson,"2566 Bullock Fords
Hancockchester, NJ 83578",patricia.johnson@sims.biz,(617)501-5107
54,Linda Whitaker,"USCGC Mckenzie
FPO AE 10807",linda.whitaker@roberts-jones.com,(686)993-8782x90897
55,Daniel Martin,"52950 Brian Junctions Suite 673
New Nataliefurt, DC 59950",daniel.martin@donovan.com,648.935.6480x5406
56,Dr. Angela Johnson,"693 Renee Extensions
Lake Russell, NJ 75827",dr..angela.johnson@ashley.com,+1-534-960-1878
57,David Armstrong,"316 Smith Forest
Lopezshire, ND 73582",david.armstrong@lara.com,+1-321-913-6351x166
58,Michael Hill,"40845 Christine Crescent
South Donaldberg, IN 69379",michael.hill@thompson-armstrong.com,(420)574-2053
59,Evelyn Dixon,"79432 Harris Ferry
Fosterburgh, KS 46489",evelyn.dixon@mooney.com,(707)934-1902
60,Joshua Robinson,"0369 Bruce Rest
Port Robert, WI 24443",joshua.robinson@edwards-rodriguez.com,(987)279-9733
61,Michael Arnold,"90287 Espinoza Street
Christophershire, SC 28113",michael.arnold@clayton.org,625-795-7896
62,John Wiggins,"9606 Dustin Trail
Brownburgh, MI 22032",john.wiggins@potts-stewart.net,001-439-302-4312x1880
63,Seth Robertson,"Unit 1943 Box 0047
DPO AP 74142",seth.robertson@bradley.com,001-384-380-6685x1089
64,Stephen Rogers,"4422 Gates Brooks Suite 736
Johnchester, TX 40486",stephen.rogers@collins.com,284.562.6314
65,Patricia Matthews,"53650 Hughes Mission Suite 734
Reedside, MP 73063",patricia.matthews@taylor.org,001-599-281-4551x698
66,Jennifer Norton,"118 Danielle Glen
Ryanbury, CT 86384",jennifer.norton@finley.com,608.418.3005x26643
67,Maria Washington,"4460 Michael Light Apt. 463
Jessicachester, NV 30742",maria.washington@terry-anderson.com,001-809-480-3356
68,Jordan Brown,"7434 Burke Dam
Port Melissaton, VI 99537",jordan.brown@sanchez.com,001-670-380-3462
69,Traci Wiggins,"24075 Porter Row
Tuckerchester, NY 15640",traci.wiggins@green.com,775-968-8714x05440
70,Sarah Jimenez,"16225 Tommy Road
Kylemouth, KS 97155",sarah.jimenez@bullock.com,+1-655-525-0849x16436
71,Andre Stark,"949 Mark Squares
Taylormouth, WA 73906",andre.stark@young.net,414.333.6721x19961
72,Michael Simmons,"254 Robinson Square Apt. 431
East Tyler, AL 25188",michael.simmons@fuentes.net,445.419.1950x2705
73,Angela Robertson,"9324 Clark Via
Johnview, OH 07722",angela.robertson@perez.com,(221)325-6554x67938
74,Christopher Hooper,"58258 Kent Lights
East Frank, VI 97990",christopher.hooper@gonzalez.biz,2052113982
75,Kim Williams,"3686 Fuller Route Apt. 903
Julieberg, HI 58997",kim.williams@byrd.biz,+1-963-357-6748x81743
76,Valerie Jackson,"473 Espinoza Port Apt. 842
Lake Sherylchester, TX 64653",valerie.jackson@johnson-morrow.com,(326)254-9620x8802
77,Amy Fischer,"990 Gabriella Cove
West Jillbury, DE 04008",amy.fischer@mack.info,489-623-8884
78,Jonathan Obrien,"PSC 8278, Box 0791
APO AA 94574",jonathan.obrien@barnes.net,+1-572-485-6528x3906
79,Hannah Armstrong,"824 Reilly Roads
Brettport, OH 82119",hannah.armstrong@whitehead.biz,866-965-0080x5592
80,Edwin Romero,"873 Morales Field
Schmittmouth, GU 60341",edwin.romero@lawson.com,290.617.7668
81,Erin Jensen,"316 Shawn Wells Suite 735
New Leah, PR 02629",erin.jensen@rodriguez.org,001-929-529-3809x77240
82,Brian Smith,"3043 Jessica Centers Suite 384
Garrettview, AR 71547",brian.smith@whitehead.net,+1-801-753-4684x233
83,Jason Thornton,"69294 Alison Locks Suite 484
Kimberlyfurt, MH 24840",jason.thornton@cooley.biz,+1-776-796-2574
84,Daniel Lester,"12847 Robert Square
Whitebury, IL 06158",daniel.lester@tucker.com,618-695-3265x182
85,Emma James,"252 Todd Lodge
New Davidmouth, NY 80167",emma.james@lewis.com,227.571.2077x4390
86,Luke Myers,"2495 Ashley Route
East Gregoryside, NC 36532",luke.myers@price.com,(229)576-6517
87,Cody Schmidt,"2817 Ryan Land Suite 997
Alexton, OK 64887",cody.schmidt@powell-jordan.com,+1-324-910-9184x7369
88,Scott Freeman,"58743 Stanley Trafficway Suite 865
New Jason, SC 48573",scott.freeman@hill.com,001-404-870-1912x0967
89,Kelly Marquez,"64591 Evan Manor Apt. 145
Lyonsport, GU 67747",kelly.marquez@macdonald-miller.biz,394.811.1713
90,Johnny Malone,"822 Russell Stream
East Robertfurt, MT 54607",johnny.malone@green.net,4743199528
91,Michael Johnson,"4827 Jonathan Shore
Jeremymouth, NY 83719",michael.johnson@beasley-carroll.com,(220)207-0212x094
92,Tiffany Patterson,"0298 Baldwin Overpass Suite 594
East Rachel, CT 43039",tiffany.patterson@mitchell-maldonado.biz,797-745-2660x222
93,Laura Hernandez,"816 Michelle Alley
North Allisonstad, AS 85233",laura.hernandez@rojas.info,807.252.3816
94,Anita Matthews,"96220 Jessica Haven Suite 871
Jacksonberg, MN 49931",anita.matthews@fox.org,(964)930-7978
95,Kevin Sexton,"3499 Johnson Field
Jenniferbury, SD 96597",kevin.sexton@francis.info,785-373-3344
96,Randy Blake,"2912 Ferguson Mall
Christopherport, MI 28042",randy.blake@anderson.com,+1-845-318-5505x3200
97,Lacey Madden,"42000 Robles Landing Apt. 997
New James, MA 83424",lacey.madden@campbell.com,+1-568-295-2793
98,Tammy Martinez,"22393 Hooper Stream
East Jermaineborough, PR 63612",tammy.martinez@castillo-figueroa.com,001-746-606-5696x27983
99,David Dominguez,"813 Hoover Union Suite 818
West Emilyton, TX 74379",david.dominguez@holmes.com,+1-789-853-7793x342
100,April Martin,"945 Kimberly Stravenue
West Samanthashire, ID 35611",april.martin@cowan.biz,(936)868-5484x2967
101,Cynthia Garcia,"455 Nicholas Springs
Sonialand, WI 42045",cynthia.garcia@franklin.com,626.288.9158x6812
102,Crystal Lane,"04353 Sean Crossroad
South Codyport, AL 91734",crystal.lane@barron.com,(712)615-9247x92683
103,Kendra Hoover,"101 Guy Heights Apt. 072
South Tony, PW 69419",kendra.hoover@pearson-peck.com,4405064106
104,Sabrina Ware,"0382 Lopez Drive Suite 001
Waynemouth, SD 73759",sabrina.ware@harris-gomez.net,5889064727
105,Clinton Spencer,"080 Sara Manor
Lake Christopher, AR 54113",clinton.spencer@davis-hoover.com,(655)929-6745x0530
106,Kelli Carney,"PSC 9974, Box 9475
APO AA 69518",kelli.carney@mendoza.com,392.596.5835
107,Lisa James,"29682 Michele Summit Suite 370
Elainefurt, MI 73569",lisa.james@boyd-jackson.biz,6022784574
108,Theodore Landry,"64992 Deborah Mills
New Tami, MN 86204",theodore.landry@hall-miller.com,3796349037
109,Paula Andersen,"68019 Johnson Roads Suite 919
South Melindamouth, KY 33474",paula.andersen@beasley-logan.com,658-328-6363x777
110,Steven Wong,"9171 Mathis Villages
Saraview, MS 93197",steven.wong@ward-gardner.com,001-606-380-5548
111,Steven Rich,"Unit 9670 Box 5432
DPO AA 39814",steven.rich@johnson-griffin.com,+1-884-822-0159x7845
112,Jon Small,"51230 Jacob Islands Apt. 006
Newmanstad, AL 95393",jon.small@collins.com,001-438-342-5214x117
113,Veronica Hall,"257 Anthony Creek Apt. 219
New Randallshire, NE 86568",veronica.hall@coffey.net,996-908-2637
114,Roy Sweeney,"2014 Cox Plains
New Michaelburgh, IN 95691",roy.sweeney@armstrong.com,549.332.5519x2716
115,Amanda Palmer,"369 Connor Dam Suite 664
Erikport, AR 73030",amanda.palmer@robinson.com,336.529.6439x93558
116,Miss Alexandria Johnson DDS,"78917 Wilson Ford Suite 962
Scottside, PA 51389",miss.alexandria.johnson.dds@davis-gallagher.biz,+1-835-686-5616
117,Robin Pierce,"95647 Byrd Pass
South Nancyland, VI 79564",robin.pierce@white.net,(820)649-0345x75602
118,George James,"0684 Samuel Isle Suite 329
East Gina, MO 01518",george.james@aguilar.com,001-871-560-7717x0630
119,Billy Johnson,"79792 Garcia Street Apt. 453
Davidside, VI 05021",billy.johnson@duran.com,729-909-8131x114
120,Kevin Lee,"971 Alison Lake
Christianfurt, KS 95217",kevin.lee@gibson.com,553-522-5384
121,Erika Sanchez,"961 Williams Inlet
Hancockside, SC 63789",erika.sanchez@watson.biz,400-219-7494
122,Ryan Smith,"98411 Jackson Springs
Jasonbury, MN 64529",ryan.smith@nelson.com,906.672.2932x9767
123,Elizabeth Gonzalez,"90144 Williams Plain
New Sandra, CA 52003",elizabeth.gonzalez@myers-church.com,9552721023
124,Taylor Moreno,"062 Olivia Ville
North Robert, PA 42209",taylor.moreno@miller.com,8533258885
125,Thomas Avila,"053 Holly Extension Apt. 079
Mayberg, TX 66229",thomas.avila@ortiz.net,951.316.5715x0905
126,Victoria Schmitt,"PSC 8507, Box 6390
APO AA 34163",victoria.schmitt@banks.net,626.608.0442
127,Jason Pierce,"072 Thomas Canyon
East Stephen, VI 89935",jason.pierce@proctor.com,453-283-0544x380
128,Jessica Leblanc,"5401 Jessica Forge
Rojasfurt, UT 38862",jessica.leblanc@carrillo-stevenson.com,900-744-0930x514
129,Valerie Rose,"575 Candice Crossroad Apt. 080
Danielside, PW 23074",valerie.rose@stone-cook.org,3306909261
130,Cheryl Sanders,"2812 Kelly Fields
East Larryfort, MO 23724",cheryl.sanders@stewart.org,001-832-851-3488x98936
131,Tanya Singleton,"16651 Hogan Highway Apt. 958
East Paula, MA 41745",tanya.singleton@fields.biz,001-735-320-7413x9659
132,Elizabeth Anderson,"1294 Rodriguez Forks Suite 185
Lake Daniellefort, AL 92730",elizabeth.anderson@robinson.com,847.576.3490
133,Sarah Martinez,"3253 Kaitlyn Crossing
East Alan, KS 41632",sarah.martinez@robinson.info,001-667-814-0946
134,Linda Mccoy,"956 Martinez Ports
Stevenhaven, IL 91921",linda.mccoy@rivera.info,(812)948-8197x719
135,Brian Weber,"61938 Smith Parks
Port Patricia, GU 03511",brian.weber@james.biz,+1-268-690-0379x713
136,Nicholas Dean,"425 Thomas Camp Suite 859
Glennborough, OH 18239",nicholas.dean@mcguire.com,715.235.4297
137,Nicholas Rodriguez,"2043 Ponce Mountain
Aguirretown, NJ 26315",nicholas.rodriguez@johnson.com,503.771.4151
138,Brandi Hernandez,"3197 Williams Meadows
North Pamela, DC 89604",brandi.hernandez@payne.com,001-453-700-4954
139,Samantha Phillips,"9695 Faith Villages
West Marcus, CO 66154",samantha.phillips@kelly.com,(281)948-0497x9211
140,Walter Riddle,"251 Berry Turnpike
New Monicashire, GA 64950",walter.riddle@weeks.info,646-537-4254
141,Jeffrey Myers,"8596 Eileen Corners
Port Anthony, OK 45106",jeffrey.myers@hamilton-webb.org,001-911-697-6853x4251
142,Crystal Strong,"7985 Manuel Plain Apt. 990
Shawnland, CO 19804",crystal.strong@hubbard-morales.biz,448-755-6271x2708
143,Alyssa King,"666 Davis Oval
West Danielland, HI 26818",alyssa.king@gross.com,+1-408-239-2035x766
144,Christopher Sanders,"50077 Holt Tunnel
New Matthewburgh, PA 61203",christopher.sanders@pham-sanchez.com,(580)783-3637x7449
145,Gary Tucker,"209 Jesse Passage
South Jordanborough, DC 18973",gary.tucker@campbell.com,884-422-3347x794
146,Michael Gibbs,"529 Reyes Gateway Apt. 064
Timothychester, CO 05027",michael.gibbs@robertson.com,569.293.1213x286
147,Troy Wright,"3436 Robert Parkways Apt. 952
West Jenniferland, WA 21854",troy.wright@winters.net,001-910-594-4299x760
148,Joshua Hunter,"82920 Cantu Trail Apt. 985
Arnoldside, NM 28291",joshua.hunter@lowe-garcia.com,241-878-5388x58358
149,John Swanson,"55494 Scott Springs Suite 633
Port Andrea, GA 61903",john.swanson@buck-nichols.biz,+1-688-260-2876x7746
150,Benjamin Ward,"36021 Wilkerson Plaza Apt. 605
Brownfurt, NM 51343",benjamin.ward@zamora.net,001-880-288-4883x84184
151,Aaron Nelson,"PSC 7161, Box 5112
APO AE 83520",aaron.nelson@greene.info,5174668328
152,Kendra Harris,"220 Nguyen Mill
Taylorville, IA 08673",kendra.harris@dawson-williams.com,+1-240-948-7741x554
153,Hannah Garcia,"0771 Scott Center Suite 213
Mollybury, TN 77430",hannah.garcia@day-phillips.biz,2078435153
154,John Miller,"Unit 3775 Box 3225
DPO AP 25968",john.miller@dixon.com,(937)307-1812
155,Sean Mendez,"683 Jason Port
Hooperbury, IA 42996",sean.mendez@perez-martinez.net,315-447-3407x907
156,Michelle Duarte,"88132 John Inlet
Port Hollystad, MS 87257",michelle.duarte@gay.com,413.454.4384
157,Lisa Miller,"59530 David Orchard
Loritown, IA 13577",lisa.miller@harris.com,212.733.1344
158,Gabriel Graham,"167 Giles Point
New Joshua, CT 61476",gabriel.graham@miller.com,(205)409-4004x55216
159,Jonathan Booker,"936 Leslie Port
West Kathleen, IL 37237",jonathan.booker@brooks.org,849-899-5162
160,Jessica Herring,"5580 Johnson Camp
East Joshuaview, RI 76318",jessica.herring@james-williams.com,001-524-506-0805
161,Emily Smith,"710 Michael Walks Suite 639
New Kaitlyn, AZ 46984",emily.smith@phillips-miller.com,001-313-339-2739
162,Christopher Thomas,"0343 Jessica Corner
Nicolechester, MI 29624",christopher.thomas@murphy-johnson.org,001-269-541-6026x7572
163,Tanya Gutierrez,"7638 Patricia Parks
Lake Angelastad, MT 78077",tanya.gutierrez@cordova-fowler.com,001-675-323-3013x72044
164,Ruth Patterson,"89708 Lang View Apt. 188
Josephville, OK 17619",ruth.patterson@hogan.com,876-312-6960
165,Jerry Robinson,"82261 David Lodge Apt. 294
Hahnstad, SD 89400",jerry.robinson@mckee.org,+1-471-506-1973x65327
166,Jake Mathews,"85368 Love Fort
Williamchester, IL 62236",jake.mathews@jenkins-crosby.com,368-896-0947x9501
167,Hunter Stanley,"868 Dawn Parks
Sethview, VA 90385",hunter.stanley@howard.com,001-785-338-1199x257
168,Kristina Foster,"Unit 5544 Box 3490
DPO AE 24713",kristina.foster@richardson.com,9253708166
169,Jason Murphy,"25839 Travis Court Apt. 726
West Susanmouth, NV 39484",jason.murphy@wolf-webb.com,(866)201-9272
170,Maria Taylor,"811 Simon Stravenue
Jeffreyburgh, MA 64294",maria.taylor@reyes.com,(885)715-5977
171,Breanna Merritt,"72897 Joseph Lodge
Ericamouth, WY 36515",breanna.merritt@pittman.biz,001-226-309-8496x054
172,Ian Hurley,"179 Stephanie Plains Apt. 079
New Denisefurt, MS 69463",ian.hurley@gilbert-haas.com,001-340-728-8991
173,Joseph Robinson,"7146 Kim Terrace Suite 705
Gibsonmouth, SC 69674",joseph.robinson@blackwell-benson.com,(964)699-1727x37310
174,Theodore Wagner,"154 Johnson Ridges
Ramosbury, KS 63764",theodore.wagner@snow-higgins.com,(425)808-4085x25507
175,Pamela Yates,"47148 Anthony Forest Apt. 730
Johnsonmouth, IA 28974",pamela.yates@adams.biz,628-980-9299x20526
176,Nicholas Burke,"83942 David Islands Apt. 421
Danielleton, MT 55270",nicholas.burke@quinn.com,(615)595-9931x3640
177,Seth Garrison,"0091 Laura Springs Apt. 069
Thompsonhaven, LA 10718",seth.garrison@hernandez.com,945.807.3116x6551
178,Michelle Cooper,"492 Jasmine Mountain
Munozchester, MD 33410",michelle.cooper@ramirez.com,654.621.9070
179,James Nelson,"0893 White Court Apt. 029
Alexbury, ME 46737",james.nelson@collins-andrews.org,497.357.2014x67714
180,Joshua Hansen,"78244 White Plaza
Gordonmouth, ID 29997",joshua.hansen@fisher.biz,945-579-3565
181,Donna Ayala,"0785 John Tunnel Apt. 803
Ericafurt, AZ 02193",donna.ayala@watkins-wood.com,847-677-4273
182,Edwin Rodriguez,"68048 Hebert Port Apt. 616
Harryburgh, WI 41195",edwin.rodriguez@turner.com,896-710-8385
183,Victor Reynolds,"874 Ronald Light
Thompsonville, AS 69596",victor.reynolds@cook.com,841.783.6318x046
184,Sean Morris,"8781 Smith Canyon
Port Cynthiaport, DC 69931",sean.morris@weber.com,695.984.8101x5371
185,Louis Arnold,"03148 Alexandra Key
Lake Susan, GA 42236",louis.arnold@smith-wright.com,6885157695
186,Jay Luna,"Unit 6664 Box 5754
DPO AP 53890",jay.luna@collins-lopez.com,5616983895
187,Ryan Keith,"748 Emily Locks Apt. 090
Port Mary, PW 03215",ryan.keith@williams.com,734-271-4749x805
188,Craig Smith,"8721 Andrews Course Apt. 700
Kathrynview, SD 74512",craig.smith@wood.com,317-769-4269x0989
189,Taylor Young,"065 Bowers Brook Suite 755
North Jodi, NJ 74294",taylor.young@cox-palmer.info,(202)988-4249
190,David Cox,"443 Huber Ranch Apt. 160
Paulburgh, UT 55107",david.cox@gardner-butler.com,375-591-6053x42594
191,Veronica Taylor,"26525 Diaz Crescent Apt. 856
Dustinbury, KS 99128",veronica.taylor@cook.com,385.563.6138x741
192,Katherine Melendez,"3814 Tanya Islands Apt. 105
East Kristinbury, UT 29928",katherine.melendez@martin.com,479-934-4377x03956
193,Jamie Evans,"7169 Lauren Circle Apt. 275
Nelsonburgh, SC 02717",jamie.evans@crawford-hawkins.com,001-474-878-9911x33430
194,James Carter,"275 Brooks Ranch Apt. 024
Baldwinshire, SD 72496",james.carter@kennedy-tate.org,963.893.7982x3157
195,James Smith,"9505 Amber Manor Suite 124
Lake Jenniferhaven, MI 35488",james.smith@osborne.info,292-980-7727
196,Amber Carson,"332 Jackson Turnpike Apt. 798
South Jennifer, VI 21137",amber.carson@stewart.com,691.263.1649x84872
197,Brandon Brown,"16553 Julie Wells Suite 777
Nicholasville, OH 39433",brandon.brown@whitaker.com,+1-786-815-4645x460
198,Rachel Williams,"737 Brian Center Suite 896
Lake Marilynfort, NY 56473",rachel.williams@myers.biz,(915)458-0149
199,Elizabeth Powell,"698 Heidi Pass Suite 194
Jamiemouth, KS 74714",elizabeth.powell@walker.com,8124483829
200,David Malone,"09612 White Court
Gregoryland, NC 45585",david.malone@greene-lane.com,607.414.2903
201,Tyler Wolf,"04076 Watson Branch Suite 498
Lake Richard, AS 84147",tyler.wolf@martinez.org,+1-980-261-0642
202,Teresa Salazar,"3727 Sandy Radial Apt. 380
North Matthew, CT 96220",teresa.salazar@davis.com,5006403870
203,Shelby Joseph,"7230 Winters Shore
North Kimberly, ME 10217",shelby.joseph@harper.org,238.666.4707x861
204,Steven Jones,"USS Rojas
FPO AP 00770",steven.jones@johnson-adams.biz,6228334568
205,Amanda Allison,"513 Sandra Square Suite 938
Grahamfurt, WY 60292",amanda.allison@lee.info,910-735-7951
206,Kristin Rodriguez,"84199 Hebert Extension
New Rachel, NC 93444",kristin.rodriguez@gomez-ellis.com,(513)502-7482
207,Patrick Hutchinson,"55296 Ellis Passage
Port Alexistown, MT 65744",patrick.hutchinson@burgess.com,411-363-9324x7868
208,Stephen Crawford,"94792 Jordan Forest Suite 562
North Robert, HI 66704",stephen.crawford@anderson-black.com,+1-613-710-8259
209,Alison Cooper,"083 Johnson Trail
Jeremyberg, IL 67301",alison.cooper@brewer.biz,829-475-0532
210,Michael Watson,"2209 Diaz View
North Stephanie, AR 54657",michael.watson@wilson-malone.biz,(444)967-4249
211,Christian Ramirez,"Unit 1227 Box 8964
DPO AE 54130",christian.ramirez@fox.info,(254)986-8800x020
212,Aaron Jackson,"87552 Kathy Views Suite 793
Lake Ashley, NV 65940",aaron.jackson@hudson.info,262-678-3971x5761
213,Diana Bentley,"378 Danielle Avenue
Port Ashleyland, NM 06945",diana.bentley@davis.com,(744)445-0982x75595
214,David Weaver DVM,"092 Gregory Square Apt. 535
Lake Frank, DC 39410",david.weaver.dvm@smith-white.com,9319941265
215,Laurie Williams,"PSC 7259, Box 9647
APO AA 87426",laurie.williams@levy.info,(516)654-6383
216,Dominique Reed,"5315 Smith Wall
East Kimberlyview, SC 80294",dominique.reed@massey-webb.info,001-930-672-5120x741
217,Jennifer Garcia,"5498 Lopez Hollow Apt. 768
Adrianborough, NV 18453",jennifer.garcia@ware.biz,(813)631-9724x9315
218,Amy Shelton,"2162 Jerry Meadow Apt. 095
Moorehaven, PA 95506",amy.shelton@forbes-roy.info,946.396.7127x72269
219,Christopher Perry,"103 Matthews Cliffs Suite 912
Flemingview, MH 62593",christopher.perry@williams.com,246-261-7576x65073
220,Christina Winters,"451 Tapia Shores Suite 637
Barnesfurt, ID 68885",christina.winters@reyes-murray.com,001-204-232-4094x7845
221,Colin Howe,"0268 Benjamin Square
East Terrance, NJ 84336",colin.howe@cardenas-gilbert.com,(707)565-9426x60686
222,Stacy Jones,"5995 Alexis Drives
New Graceshire, VT 77467",stacy.jones@long.biz,001-454-631-7956
223,Stephanie Porter,"0414 Heidi Lodge Suite 913
Tammyhaven, MN 77164",stephanie.porter@ritter.com,(384)707-6192
224,Nicole Durham,"2248 Valdez Circle Suite 050
Port Kennethton, MT 43911",nicole.durham@rodriguez-harris.com,+1-387-763-7929x652
225,David Francis,"597 Omar Circles Apt. 461
New Craigville, PA 60961",david.francis@smith.com,611.326.2825x5915
226,Haley Cummings,"594 Charlotte Locks
Port Amandahaven, ME 22523",haley.cummings@jordan.com,001-913-716-3094
227,Jason Dudley,"532 Richard Center
Amyhaven, OH 91227",jason.dudley@warren-rodriguez.biz,(483)835-8991x421
228,Kimberly White,"94575 Malone Rue Apt. 205
South Kelly, AR 27064",kimberly.white@clark.info,248.850.1015x45713
229,Francis Clarke,"4677 Emily Junctions
Matthewshire, NC 24285",francis.clarke@strickland.com,485.621.5074x45478
230,Michael Mendoza,"39328 Stephens Grove Apt. 876
Lake Crystal, WA 48720",michael.mendoza@bell.com,715.254.7962x67358
231,Robert Jones,"17073 Jeffrey Circles Suite 985
Allenfort, GU 60893",robert.jones@griffith-evans.com,9167840172
232,Kevin Salazar,"276 Ashley Field
Port Kariview, MA 21685",kevin.salazar@nelson.com,001-397-386-7803
233,Michael Brandt,"0502 Leah Knolls
South Nicoleville, OH 38354",michael.brandt@anderson.biz,+1-723-706-7696x1583
234,Mark Adams,"86270 David Alley Suite 228
Thomasfort, NE 20578",mark.adams@porter.com,+1-826-276-4084x3156
235,Vincent Brown,"39038 Amber Cliffs
New Laurahaven, NM 04053",vincent.brown@miller.biz,7422777906
236,Mrs. Megan Davis,"53558 Paul Mission Suite 271
Haydenview, ND 26405",mrs..megan.davis@robles.com,(513)206-1255
237,Melissa Baker,"4643 Matthew Landing
New Michael, IL 26198",melissa.baker@garcia.biz,+1-718-649-6755x30970
238,Mr. Kevin Phillips,"413 Kenneth Route Apt. 048
Port Brittanychester, NV 63250",mr..kevin.phillips@weeks.com,278-946-5566x84425
239,Nicholas Moore,"772 Renee Brook
Sanchezmouth, PR 59121",nicholas.moore@martinez.com,001-530-465-7927x70412
240,Briana Lara,"514 Mullen Spur
Normanchester, HI 57327",briana.lara@mullins.com,648-357-8709x976
241,Steven Morris,"38936 Bradley Parks
Davidside, CA 41493",steven.morris@smith.com,6712202710
242,Lori Cooper,"240 April Via Apt. 897
Port Jillian, SD 41190",lori.cooper@white.info,701.902.5760x86119
243,Kelsey White,"1466 Cook Flats Apt. 722
Jasonton, CO 01096",kelsey.white@ryan.com,+1-857-816-1158x6907
244,Jessica Hall,"6276 Graham Meadow
Janetberg, CO 17588",jessica.hall@yates.com,+1-216-451-4092x90294
245,David Hahn,"979 Pamela Pine
Cohenton, DC 68353",david.hahn@rodriguez.net,+1-707-978-8070x58339
246,Joseph Hartman DDS,"05109 Amber Loop
North Martha, TN 15277",joseph.hartman.dds@strickland.com,+1-915-748-8858x96122
247,Eileen Newton,"1229 Johnson Island Suite 398
West Matthewbury, ND 23600",eileen.newton@carney.biz,001-736-584-4492x0935
248,Matthew Harris,"Unit 5553 Box 6888
DPO AA 52809",matthew.harris@arellano.com,001-440-478-7039x487
249,Christina Hardy,"956 Reed Tunnel
Rojasshire, PA 55170",christina.hardy@martin.com,443-829-6909x4949
250,Alexis Peck,"4379 Boyd Mount
New Timothyport, AS 21838",alexis.peck@erickson.com,(827)390-5805x6744
251,Andrew Freeman,"Unit 7858 Box 4680
DPO AP 50089",andrew.freeman@hunt-novak.com,318.231.7762x9925
252,John Thomas,"6932 Michael Spurs Suite 118
New James, AS 91220",john.thomas@lopez.net,397.693.8745x357
253,Amber Pennington,"78089 James Vista
Caseyland, KS 41963",amber.pennington@davis.org,001-450-831-8743x20749
254,George Mcmillan,"955 David Oval
Danielhaven, VT 63207",george.mcmillan@wang-mclaughlin.biz,816-960-5231x3547
255,Alexis Lopez,"6077 Gomez Divide
Smithview, GU 03316",alexis.lopez@gonzales.com,+1-962-841-0453
256,Roy Johnson,"2434 James Extension Suite 372
Sarahland, PA 67512",roy.johnson@andrews.com,671-574-3983x240
257,Scott Jones,"146 Lindsey Mall
West Rebeccaville, OK 35610",scott.jones@hughes.org,982.776.2665
258,Dr. Michael Wright,"28454 Lee Union
Michaelchester, OH 94010",dr..michael.wright@payne.com,804-809-9132
259,Vincent Ellis,"094 Sweeney Circles
Juanshire, OH 21807",vincent.ellis@rivera.com,+1-913-725-1674x070
260,Stephanie Olson,"035 Destiny Cove Suite 068
Andrewsmouth, NM 11122",stephanie.olson@maxwell.net,(356)478-3753
261,Blake Bennett,"4954 Michael Field
Andrewhaven, VI 74407",blake.bennett@olson.com,(847)492-8717
262,Ashley Smith,"044 Aaron Villages Suite 118
Port Joelburgh, OK 06104",ashley.smith@anderson-hickman.com,335-812-5593x428
263,Bill Stanley,"10714 Nicholas Bridge
North Robert, OH 38337",bill.stanley@robinson-castro.com,6703041658
264,Matthew Dudley,"03944 Sarah Harbor Suite 774
East Michael, NV 52085",matthew.dudley@chavez.com,+1-803-804-4477x06674
265,Martha Dixon,"3220 Nancy Common Suite 366
Anthonyshire, IN 47772",martha.dixon@vincent.net,+1-875-778-1818x5167
266,Cathy Koch,"55383 Kayla Spurs
Jimenezchester, NH 49141",cathy.koch@russell.biz,307-217-4789x679
267,Sarah Cox,"6166 Forbes Views Suite 111
Gonzalezshire, IN 12777",sarah.cox@salazar.com,846-960-3763x95685
268,Lori Hernandez,"99909 Jesus Gateway
East Cynthiahaven, GA 33893",lori.hernandez@jackson-nguyen.com,8718413817
269,Patrick Grant,"09080 Taylor Lodge Suite 285
Lake Jessica, IN 57372",patrick.grant@coleman-jordan.info,624-823-3218x1994
270,Holly Miller,"3219 Mcintyre Ridges Suite 009
Galvanburgh, ND 92188",holly.miller@king.com,+1-798-890-8793x2466
271,Charles Adams,"2921 Norris Lodge Apt. 701
Weissstad, NH 43392",charles.adams@henson-evans.com,653.887.3945x732
272,Tyler Henderson,"9151 Miller Drive Suite 298
Port Debraville, NV 06490",tyler.henderson@johnson-riley.com,+1-923-754-6965
273,David Martinez,"9898 Jesse Field
Berryside, MI 55587",david.martinez@padilla-rodriguez.org,3447101789
274,Christopher Hudson,"799 Reynolds Mill
Lake Alyssa, WA 37426",christopher.hudson@jones.info,804.890.0008x836
275,Paula Sanders,"USCGC Bullock
FPO AA 54273",paula.sanders@foley-jones.com,(264)958-3209x024
276,Frances Smith,"08386 Lee Unions Suite 473
West Robertmouth, NY 72679",frances.smith@carrillo-craig.com,889-415-5205x98733
277,Peggy Hahn,"7975 Lee Views
Coltonburgh, HI 56167",peggy.hahn@harris-schneider.com,762.334.1522x4635
278,Tina Walton,"44755 Armstrong Groves
West Jamesside, SD 15475",tina.walton@brown.com,(714)835-0496
279,Robert Davis,"190 Barbara Trail
South Seanfurt, RI 81952",robert.davis@villa.com,001-319-824-2180
280,Kristen Williams,"352 Grace Drive Suite 867
Port Karenfurt, TX 33419",kristen.williams@pham.com,888.836.8007x130
281,Charles Banks,"160 Breanna Unions Apt. 668
West Frank, MS 27779",charles.banks@webb.com,+1-616-744-0706
282,James Pena,"47440 Gutierrez Plain
North Kimberlyfurt, HI 61735",james.pena@davis-davenport.info,+1-921-591-7841
283,William Russell,"2468 Joseph Track
North David, AL 57580",william.russell@ross-adams.com,(503)962-4384
284,Angela Watson,"6353 Rivas Fork
Keyburgh, WI 85270",angela.watson@prince.com,568.464.8959x092
285,Ronald Kirk,"7014 Christopher Walk
East Mariefort, NY 70426",ronald.kirk@garrison.info,991-363-4738x4322
286,Andrew White,"1536 Payne Mountain Suite 321
Lake Courtney, MI 38636",andrew.white@cox.com,990-459-2517
287,Donald Guerrero,"55133 Jessica Rapid
Josephtown, FL 08020",donald.guerrero@hunter-weber.com,+1-701-357-9474x198
288,Rachel Kennedy,"645 Mary Locks
East Kathryn, MT 52105",rachel.kennedy@davila-flores.info,485-687-3238x686
289,Rebekah Rios,"7081 Jonathan Crescent
Greeneside, OR 98152",rebekah.rios@allen-cook.com,+1-501-494-0505
290,James Thomas,"7759 Mitchell Lane
Smithfurt, MH 79909",james.thomas@padilla-bridges.com,(996)203-1768
291,Ian Brewer,"391 Melissa Unions Suite 237
Lake Lisaville, GA 70810",ian.brewer@brown-cantu.com,+1-454-951-8741
292,George Chung,"2913 Mark Inlet
South Francisco, MP 84824",george.chung@martinez-riddle.biz,370.826.8323
293,Cassandra Rose,"2922 Mueller Extensions Apt. 935
Maddoxborough, DE 39094",cassandra.rose@smith.com,480.452.0655x04897
294,Julie Nunez,"9575 Jennifer Mountain Suite 014
Hannahfurt, ND 25871",julie.nunez@berry.com,802.978.2920
295,Madison Oconnor,"323 Megan Ports
Juliaside, NH 24892",madison.oconnor@larsen.biz,(614)733-7385
296,Cody Chavez,"USS Fernandez
FPO AA 26374",cody.chavez@sims-rios.com,744-584-4877
297,Marilyn Johnson,"482 Wanda Lane
North Brian, HI 05574",marilyn.johnson@cruz-james.com,429.475.8588x57158
298,Erica Sullivan,"52351 Savage Forest
Patriciaport, DE 38239",erica.sullivan@russell-bell.info,410.246.4736x8364
299,John Marshall,"598 Berger Turnpike
Lake Michael, WY 83095",john.marshall@thomas.com,+1-297-615-7220x619
300,Jenna Harrell,"84043 Fitzpatrick Corners
Guzmanberg, PW 23806",jenna.harrell@bean.com,897-333-7261x3294
301,Alexis Mendez,"866 Caleb Squares Apt. 823
Smithfurt, OH 90596",alexis.mendez@thomas-foster.com,818-319-1865
302,Laura Snow,"4825 Brown Meadow
New Taylorside, TN 95728",laura.snow@thompson-house.com,962.641.4335
303,Melissa Howard,"PSC 2246, Box 4007
APO AE 88263",melissa.howard@taylor.com,339-335-6330
304,Leslie Benson,"615 Jonathan Road
Chadton, NH 54026",leslie.benson@guzman.org,+1-355-919-5650x732
305,Justin Perez,"7975 Taylor Club
Jensenchester, RI 19492",justin.perez@wilson-allen.org,581-860-0646
306,Melissa Carr,"PSC 3188, Box 3390
APO AP 84357",melissa.carr@krause.com,843.697.4941x1663
307,Phillip Benjamin,"85998 Taylor Spring Apt. 806
Adamton, HI 92512",phillip.benjamin@ellis.com,+1-323-224-2354
308,Samantha Clarke,"USS Mann
FPO AP 11468",samantha.clarke@walker.com,2084632633
309,Jennifer Myers,"031 Jason Landing
North Jillianton, WI 08424",jennifer.myers@martinez.com,4526398898
310,Jenna Diaz,"361 Williams Burgs
Hensleyport, MO 56621",jenna.diaz@chambers-thompson.com,001-832-314-0503
311,Marissa Choi,"969 Robin Crossroad
East Hannahfort, WV 20531",marissa.choi@pittman-lester.com,(360)862-5768x3145
312,Troy Mitchell,"17210 Thomas Mountains
Lake Jayburgh, GA 30365",troy.mitchell@green.net,(957)297-8871x44781
313,Deborah Hardy,"USS Velasquez
FPO AE 55935",deborah.hardy@miller.biz,532.544.0920x975
314,Shawn Williams,"5914 Williams Drive Suite 762
Leefort, AZ 39011",shawn.williams@watson.net,+1-620-364-2681x09700
315,Blake Cooper,"739 Tyler Trace Apt. 041
Wheelerbury, OH 02850",blake.cooper@richardson-jenkins.com,8574062632
316,Bryan Brown,"924 Christopher Shore Suite 675
Lake Christopherchester, VI 33986",bryan.brown@ford-patrick.net,433-705-0298x645
317,Cassidy Arnold,"992 Combs Terrace Apt. 708
Connieville, MT 47413",cassidy.arnold@perez-brown.info,799.945.0167
318,James Patterson,"89394 James Station Apt. 577
East Stevenchester, NC 15229",james.patterson@walker.info,286.428.3007x3085
319,Nathan Hall,"9701 Barber Locks Apt. 608
North Roger, RI 92078",nathan.hall@blevins-jacobs.com,505-716-1453x906
320,David Martin,"541 Victoria Radial Suite 607
Port Sarahton, DC 67421",david.martin@livingston.com,507-359-0786
321,Mikayla Morgan,"2221 Beck Course
Sullivanhaven, DE 29722",mikayla.morgan@middleton.info,001-424-680-0484x520
322,Richard Brown,"62892 Stephanie Camp Suite 301
Lake Brendaton, LA 21550",richard.brown@griffith-mccoy.com,(573)921-2991x075
323,Rebecca Dominguez,"61335 Boyer Dale Suite 279
Stephentown, MA 52887",rebecca.dominguez@anderson.org,+1-922-210-4981x954
324,Manuel Morris,"216 Kathryn Meadows Apt. 109
North Justin, NJ 77590",manuel.morris@matthews-adams.com,947.700.4675x1403
325,Tony Nunez,"1360 Singleton Cliff Apt. 559
Cassidyville, MN 68362",tony.nunez@norton.com,001-354-568-4444x3368
326,Alicia Cortez,"98227 Victor Lane
Bradleyside, ME 08691",alicia.cortez@brown-fischer.net,4197793482
327,Colleen Ford,"97080 Michael Meadow
New Eric, VI 96845",colleen.ford@henry.com,(506)549-5104x6175
328,Angela Mcintosh,"078 Short Green
North Nicholas, OK 57749",angela.mcintosh@hatfield-bradford.info,938.602.6162
329,Brittany Fox,"13031 Jones Drives
Lake Connieborough, AK 46883",brittany.fox@ward.com,(769)717-0711x63628
330,Mr. Douglas Aguirre,"17228 Christine Passage
West Cynthia, AK 03736",mr..douglas.aguirre@bailey-castaneda.net,925.297.8542x883
331,Alicia Morris,"4984 Michael Bypass
Jessicamouth, AR 95498",alicia.morris@oneal.com,4988910288
332,Felicia Wolf,"96055 Sexton Spurs Apt. 402
East Kathryn, DE 28919",felicia.wolf@massey.com,345-649-8480x58244
333,Tiffany Archer,"48980 Christian Ville Suite 057
Lake Jessica, KY 77228",tiffany.archer@macias.biz,472-259-8842x06665
334,Amanda Weber,"44279 Gregory Extensions Apt. 616
Susanville, IA 92140",amanda.weber@morrison-meyer.biz,001-626-766-8458x6231
335,Kimberly Lopez,"584 Evans Track
Rickyside, MT 96760",kimberly.lopez@lopez.com,661.740.1974
336,James Finley,"94881 Jasmine Overpass
Taylorborough, AL 63565",james.finley@miller.net,(263)860-1254
337,Lisa Atkinson,"4819 Carolyn Pine
North Amyburgh, TN 83931",lisa.atkinson@garcia.info,001-733-893-9736x407
338,Michelle Wolf,"29249 Ramos Fort
South Sherry, KS 11067",michelle.wolf@chavez-lucas.org,001-869-679-9038x025
339,Hannah Bishop,"947 Laura Terrace
South Oliviamouth, NM 29394",hannah.bishop@evans-perez.com,6095512203
340,Timothy Carlson,"Unit 5735 Box 9216
DPO AP 96727",timothy.carlson@hall.com,(602)762-7514x0745
341,Brian Townsend,"438 Kent Alley Apt. 429
Antonioport, NM 66116",brian.townsend@bernard.info,+1-393-757-0136x5698
342,Clayton Lopez,"1509 Delacruz Prairie Suite 765
Karenport, SD 69819",clayton.lopez@harris-thompson.com,665-315-1660x48122
343,Diana Weaver,"98094 Thompson Rapids
South Michael, MS 43107",diana.weaver@hanna-boone.com,001-987-995-3831
344,Alyssa Keller,"95005 Juan Street
Johnstad, GA 42021",alyssa.keller@allen.com,001-822-668-1657
345,Michelle Nelson,"39946 Karen Corners
East Jillianview, WV 64473",michelle.nelson@pace.com,+1-573-412-4740x64145
346,Ronald Jimenez,"2823 Henderson Village Suite 826
Port Robertstad, DC 49585",ronald.jimenez@winters.biz,(299)312-9606x4845
347,Jasmine Garcia,"9073 Howard Port Suite 856
West Andrewland, MS 91773",jasmine.garcia@sanders-west.com,001-858-429-8839x597
348,Steven Brown,"5781 Mark Branch
Guerreroberg, GA 84162",steven.brown@curry.com,444.820.4541
349,Louis Sampson,"6612 Gonzalez Glen Suite 589
Welchburgh, WV 04243",louis.sampson@garcia-wood.com,001-325-521-2045
350,Samuel Nguyen,"320 Lee Row Suite 403
Whiteshire, AK 77967",samuel.nguyen@brown-wilson.com,302.550.8663
351,Tiffany Duarte,"715 Park Tunnel Apt. 260
Sandratown, NM 30932",tiffany.duarte@king-proctor.com,(701)627-8330x147
352,Ricardo Flores,"94258 Barker Mountain
Jacobton, WI 58330",ricardo.flores@kline-estes.com,2678923564
353,Melanie Mcfarland,"81817 Kim Garden
Reidton, NM 11959",melanie.mcfarland@herrera.info,+1-729-717-2894x75938
354,Jeffrey Lin,"7024 Hubbard Forge
West Shelly, WV 62203",jeffrey.lin@wilson.com,827-965-3588x7561
355,Carrie Parker,"3043 Chad Pass Suite 629
South Annette, SC 11714",carrie.parker@green-martin.biz,731.499.0552x488
356,Douglas Parsons,"7412 Brian Glen
Port Katelynport, CO 54572",douglas.parsons@bentley.com,643.994.2906x3819
357,Daniel Harrington,"414 Aguilar Trace
North Gregory, TX 58645",daniel.harrington@wall.com,407-991-5685
358,Cody Johnson,"440 Jennifer Plaza Apt. 908
Penaport, WI 88809",cody.johnson@lewis.info,001-952-988-1966x035
359,Dennis Kirk,"676 Hartman Wall Apt. 054
Jeremyfort, AK 31019",dennis.kirk@brown-reed.com,001-384-594-4443x836
360,Ann Flores,"0606 Michael Common Suite 752
South Brooketown, UT 81050",ann.flores@poole-pope.com,240-302-2999x71107
361,Carolyn Velasquez,"5974 Smith Circle
New Jenniferhaven, GA 71354",carolyn.velasquez@hudson.biz,7713446784
362,Kayla Simpson,"8703 Guerrero Gardens Suite 005
Lake Jeffrey, MA 41159",kayla.simpson@smith-roberts.biz,(735)397-9697x7410
363,Michael Branch,"275 Arnold Corner Suite 523
Meganborough, CT 26681",michael.branch@dennis-fry.com,+1-315-635-3441
364,Tiffany Perez,"490 Kristen Stream
Mannchester, LA 89063",tiffany.perez@castillo.net,001-914-840-9234x9262
365,Susan Simmons,"4069 Brian Well
Lake Keithchester, SD 35034",susan.simmons@brock-miller.biz,235-735-2497x74110
366,Autumn Valenzuela,"55426 Boyer Shoal Apt. 866
South Teresaland, NV 14114",autumn.valenzuela@brooks.com,(422)666-6193
367,Christina Miles,"91950 Ortega Trail
New Christopher, AZ 58370",christina.miles@welch-smith.com,788.470.9003
368,Kelly Delgado,"0513 Jonathan Pines
Port Davidberg, NH 94929",kelly.delgado@duncan.org,(981)898-4918x40044
369,Katie Collins,"4222 Wright Summit
Brownburgh, MO 67494",katie.collins@morales.biz,(875)761-0458
370,Charlene Rodriguez,"9849 Samantha Underpass
South Robertmouth, AK 77012",charlene.rodriguez@stevens.org,001-773-978-2755
371,Catherine Young,"3029 Parker Roads Suite 931
Garciafort, MN 33495",catherine.young@bailey.com,8293363170
372,Lindsey Green,"7018 Mathis Mills Apt. 107
Peterfurt, PW 43546",lindsey.green@dougherty.com,943.301.0358
373,Stephen Harris,"70997 Kelly Islands
Loriside, KY 07731",stephen.harris@lewis-phelps.com,(945)838-0573
374,John Torres,"741 Snyder Estates
Port Samanthaview, MH 85148",john.torres@palmer.com,2784225256
375,Derek Pena,"06464 Brewer Bridge
West Brittany, WV 84915",derek.pena@holloway-parker.com,775-694-3976x1693
376,Ashley Wilson,"1993 Diaz Club
West Alyssaside, FL 04739",ashley.wilson@arnold.biz,613.941.8052x6889
377,Elizabeth Sanchez,"48846 Elizabeth Meadow Suite 999
Adamsshire, NY 90200",elizabeth.sanchez@wilson.net,719.202.3480x0509
378,Mark Haas,"5929 Jordan Circles
Deborahhaven, CO 09349",mark.haas@escobar-vasquez.com,+1-761-945-2053x5146
379,Thomas Johnson,"64951 Smith Via
North Patricktown, NV 08283",thomas.johnson@miller.com,001-434-987-7131x73502
380,Thomas Swanson,"Unit 3010 Box 5355
DPO AP 08117",thomas.swanson@morris-zamora.net,(878)662-0070x3394
381,Justin Garcia,"5221 Campbell Corner Suite 653
Timothyville, HI 28723",justin.garcia@walton.com,(864)882-0745
382,Adam Williams,"13861 Burton Run Suite 580
East Troyfurt, UT 64053",adam.williams@hill-barnes.info,(815)221-5761x3715
383,Carrie Clark,"712 Tara Estate
Watsonton, AL 52573",carrie.clark@miller.com,(202)926-1918
384,Heather Scott,"587 Hansen View
Campbellshire, KY 60779",heather.scott@thompson.com,794-856-6883
385,Elizabeth Cantu,"886 Nelson Summit Apt. 404
Lake Brookeborough, MN 84610",elizabeth.cantu@everett-mccormick.com,383-750-3112x96305
386,Angela Watkins,"322 Kathleen Meadow Suite 760
West Matthewtown, FM 37237",angela.watkins@hobbs-edwards.info,001-835-385-9493x5724
387,James Whitehead,"9087 Mckenzie Brook
Lake Lindafort, SD 26490",james.whitehead@goodwin.com,848.876.6696x52453
388,Mr. John Johns,"04611 Denise River
Nicholasborough, AZ 17832",mr..john.johns@donaldson.com,001-941-693-2397x04261
389,Cynthia Freeman,"5139 Richmond Views
Maryview, WV 38547",cynthia.freeman@hopkins-ramirez.com,3403985298
390,Travis Garcia,"08154 John Harbors
Jessicaside, AL 29283",travis.garcia@howard.com,552.662.7259
391,Katie Logan,"9484 Hamilton Crossing Suite 496
West Cathytown, MD 08883",katie.logan@fuller.org,603.718.6001
392,Sara Snyder,"484 Barber Inlet Apt. 988
New Sylvia, ND 08244",sara.snyder@shaw.org,(870)361-1675x86519
393,Susan Burnett,"41795 Wallace Turnpike
South Tara, SC 73258",susan.burnett@mccarthy.com,(551)522-7971
394,Christopher Gutierrez,"42381 Benjamin Forges Suite 187
New Dylan, HI 28151",christopher.gutierrez@baker.com,+1-572-944-6803x92116
395,Julia Shaffer,"73541 John Lakes Apt. 417
Pamelaport, RI 43736",julia.shaffer@scott-strickland.info,456.606.1020
396,Jared Harrison,"0863 Cantu Spurs
Kristenburgh, NE 15622",jared.harrison@patton.com,+1-401-754-2981x856
397,Leslie Reeves,"Unit 1566 Box 2654
DPO AA 30993",leslie.reeves@gutierrez.org,846.415.2170x7159
398,Heather Mccoy,"0956 Conner Valleys Apt. 497
Patriciachester, MI 98725",heather.mccoy@pineda.org,001-424-546-5728
399,Hailey Logan,"USCGC Bennett
FPO AP 12130",hailey.logan@orozco-brown.com,862-553-7340
400,Heather Morrison,"322 Jenna Walk
South Beverly, IN 36960",heather.morrison@reed.com,915-385-5802
401,Duane Smith,"1827 Gonzalez Heights
Williamschester, VA 78963",duane.smith@williams.com,(451)367-1155
402,Kenneth Daniels,"739 Higgins Views Suite 427
New Timothy, MA 97416",kenneth.daniels@garza.com,565.218.8127x5233
403,Mrs. Lisa Schultz,"33070 Lynch Fords Suite 160
New Renee, IN 20622",mrs..lisa.schultz@brown.com,+1-839-824-7540x415
404,David Washington,"538 Newman Dam Apt. 509
New Patriciafurt, FL 38816",david.washington@mueller.com,(903)620-4309
405,Adam Martin,"8927 Kathleen Fork
Lake Kayla, DE 43320",adam.martin@marshall.info,001-632-644-5733x38232
406,Jack King,"6795 Heather Crest
South Ashleyview, PR 49004",jack.king@stein.com,747.809.7527x4496
407,Gloria Nelson,"3768 Bailey Divide
North Diane, VA 08842",gloria.nelson@garrett-taylor.com,411-498-6670x904
408,Peter Oconnor,"8998 Jessica Corner
Belindaberg, NC 39719",peter.oconnor@mora-walker.com,596.464.5330x11035
409,Keith Howell,"8008 Randall Roads Apt. 568
Morrisview, IA 72706",keith.howell@howell.net,001-515-749-7414x661
410,Zachary Carey,"88846 Lindsey Curve
Schmidtport, CA 80673",zachary.carey@burke.net,856.656.2860x3598
411,Daniel Henry DDS,"91850 Claudia Valley
South Melissa, GU 01060",daniel.henry.dds@hayes.biz,+1-951-439-6825x714
412,Crystal Martinez,"9414 Mitchell Key
Pricefort, IA 45938",crystal.martinez@sosa.com,5452562423
413,Jerry Vaughn,"492 Alvarado Alley Suite 020
North Courtney, GU 93640",jerry.vaughn@carrillo.com,(840)463-0403
414,Heather Miller,"8371 Scott Station
Bullockburgh, GA 21941",heather.miller@williams.com,001-943-761-6852x610
415,Corey Matthews,"5736 James Lodge Suite 640
West Jeremyport, MN 25271",corey.matthews@silva.com,760-964-6416x232
416,Marisa Wallace,"0959 Randall Harbor
East Natashabury, IN 45138",marisa.wallace@yates.com,3373644006
417,Catherine Gonzalez,"USNV Ward
FPO AE 40508",catherine.gonzalez@rush.net,(705)260-5788x496
418,Joseph Harris,"3435 Laurie Ramp
North Joseph, DE 42217",joseph.harris@lopez-smith.com,(419)825-5299x4895
419,Julie Hurley,"048 Hayes Radial Apt. 588
Port Lauraland, PW 03113",julie.hurley@simmons-murphy.com,272.611.9697
420,Kimberly Edwards,"707 Vanessa Mission
New Joseph, NH 22194",kimberly.edwards@weaver.com,(429)458-9132x254
421,Morgan Moore,"17392 Wise View
Kevinborough, MS 20261",morgan.moore@rivas.com,+1-746-680-7388x85780
422,Joseph Williams,"6711 Walton Mountains
Jeremyburgh, HI 79182",joseph.williams@miles.org,(537)671-0139x2399
423,Gary Turner,"1232 Leonard Garden
Port Cynthia, ME 72886",gary.turner@cannon.info,+1-313-463-7796x1587
424,Taylor Huber,"3138 Frank Lane
Smithland, NE 56604",taylor.huber@johnson-white.info,(767)415-0633x432
425,Gina Estrada,"2063 Eric Stravenue
East Lori, MD 98947",gina.estrada@williams-lambert.com,701.513.9736x841
426,Michael Thomas,"31494 Karen Parkways
Garciaton, NC 04318",michael.thomas@barton.com,(612)520-9136x5942
427,Jennifer Powell MD,"82559 Williams Fork
West Joseph, MO 31140",jennifer.powell.md@butler.biz,(343)266-2596x45986
428,Mrs. Deanna Garcia PhD,"107 Moore Neck
South Jasonburgh, AS 90056",mrs..deanna.garcia.phd@wilson.biz,310-474-4357x22147
429,Taylor Byrd,"17426 Rivera Curve Apt. 155
Michaelland, PW 45738",taylor.byrd@sharp-ramos.com,001-350-639-2716
430,Suzanne Avila,"26243 Alexander Mills
Lake Ashleyville, OK 37818",suzanne.avila@taylor.com,+1-462-362-3056
431,Manuel Elliott,"7292 Harper Freeway Suite 726
Vargasshire, ND 16142",manuel.elliott@alvarado.org,634-662-7578x8186
432,Karen Tran,"USCGC Wood
FPO AE 14603",karen.tran@mcclain-burgess.com,759-209-9909
433,Tanya Mason,"8602 Mayo Forges Suite 083
New Annaland, NM 57685",tanya.mason@whitaker-evans.com,001-672-205-5168x7798
434,Heather Brooks,"034 Jennifer Village
Greeneland, SD 80957",heather.brooks@murphy.com,(938)407-2683x1930
435,Derrick Keith,"9838 Morse Burgs
Michelleland, IA 91643",derrick.keith@wells.com,7313487753
436,Andrea Lee,"7621 Mary Avenue Apt. 152
Hogantown, IA 45437",andrea.lee@cruz.com,6034285834
437,Alison Patterson,"12173 Reynolds Street Apt. 065
South Christopher, NV 97184",alison.patterson@kline-williams.com,(982)793-4751
438,Jonathan Lopez,"PSC 2200, Box 1199
APO AE 95560",jonathan.lopez@franco-sweeney.com,+1-528-766-6124x951
439,David Villarreal,"Unit 3451 Box 5268
DPO AA 16300",david.villarreal@mccormick-copeland.com,926-235-5628x568
440,Katelyn Morgan,"81617 Dennis Square
Lake Gabriel, WY 35532",katelyn.morgan@jones-lopez.com,+1-608-939-3101x6167
441,Melissa Davis,"3820 Daugherty Terrace Apt. 285
North William, WY 26142",melissa.davis@reed-shelton.com,255-762-8056x95490
442,Kim Sutton,"8167 White Glen
Chelseashire, MI 27859",kim.sutton@campos-carter.net,(699)561-0554x2861
443,Lynn Green,"003 Coleman Glen
Jenkinschester, MT 85868",lynn.green@harper.com,492.861.8498
444,Sara Ortiz,"971 Carmen Stravenue Suite 583
Heatherberg, TN 50191",sara.ortiz@gibson-fields.com,271.650.6393x7694
445,Richard Schmitt,"14019 Leonard Lakes Apt. 281
New Joshua, NY 44669",richard.schmitt@madden.org,001-344-397-7623
446,Brendan Ford Jr.,"1524 Cassie Heights
New Matthew, DC 76118",brendan.ford.jr.@johnson.net,(858)591-6767x20706
447,David Keller,"24307 Lopez Run Suite 537
Lake Maxport, MD 59778",david.keller@holmes-lopez.com,784.329.9314x57549
448,Leah Dixon,"Unit 4171 Box 8815
DPO AA 68520",leah.dixon@hancock.com,804-887-4694
449,Margaret Nelson,"0834 James Hill
Robleston, ID 53739",margaret.nelson@boyd-johnson.com,(690)509-0010x79093
450,Richard Hughes,"Unit 3277 Box 6624
DPO AA 38887",richard.hughes@anthony-roberson.com,3015314253
451,Daniel Armstrong,"60123 Thompson Circle
New Joanna, AL 09334",daniel.armstrong@kelly-ramos.com,871-807-2726x367
452,Larry Boyd,"497 Juan Station Suite 001
Dennishaven, MI 89074",larry.boyd@fisher-stewart.com,(844)540-1585x588
453,Lisa Foster,"Unit 6806 Box 5817
DPO AP 14244",lisa.foster@morton.com,5857857008
454,Deborah Moore,"012 Laura Via Suite 699
Bonnieburgh, KS 22401",deborah.moore@knight.net,513-315-9136
455,Claudia Parks,"USNV Burton
FPO AE 85932",claudia.parks@wilson.com,001-252-450-3025
456,Craig Harris,"49494 Mayo Cliff Apt. 086
Nelsonside, IA 12376",craig.harris@spencer.com,316-647-4909x731
457,Teresa Graham,"237 Stephanie Tunnel
Carlaville, OR 56107",teresa.graham@sherman.com,(724)872-8643x802
458,Mary Floyd,"837 Wesley Oval
North David, DC 77906",mary.floyd@robinson.biz,461-835-7366x240
459,Shari Bentley,"6218 Phillip Green Apt. 313
Sheilaburgh, MA 22735",shari.bentley@lang-zimmerman.com,778.949.6466x385
460,Kelly Long,"995 Samantha Hill
Riceville, IN 60801",kelly.long@wilcox-rose.com,618-256-9523
461,Thomas Foster,"701 Samantha Plains Apt. 586
Port Eric, AK 94882",thomas.foster@clark.info,500.370.5272x353
462,Elizabeth Heath,"83057 Clark Circle
Jimmyburgh, NV 25454",elizabeth.heath@larson-robertson.org,(571)461-0780x84447
463,Joel Hicks,"457 Moore Plains Apt. 873
Lake Christopher, NY 68893",joel.hicks@hicks.com,001-994-662-6889x44609
464,Kevin Sloan,"2573 Angela Tunnel
Lake Kathleen, FM 45715",kevin.sloan@adams-smith.com,4993861986
465,Justin Ochoa,"1521 Watkins Track
East Troybury, NV 22092",justin.ochoa@smith.net,789-331-9092x848
466,James Ford,"211 Deanna Street Apt. 949
North Tiffany, VI 17778",james.ford@henry.com,001-806-264-0757
467,Kristin Johnson,"6683 Wanda Center Apt. 896
New Ericburgh, NJ 13119",kristin.johnson@cantrell.com,(567)721-9414x855
468,Rita Owens,"5088 Odom Springs Apt. 252
Lake Kristie, SD 66213",rita.owens@thompson.org,001-816-491-8495x776
469,Paul Mejia,"709 Powers Pass Apt. 324
East Aprilmouth, DE 83747",paul.mejia@adams.info,646-969-7570x241
470,Parker Beck,"29273 Williams Center Suite 725
North Brian, PA 05782",parker.beck@payne.biz,+1-422-762-4003x677
471,Martin Gibson,"6468 Rogers Lane Suite 216
Whitneyside, DC 68348",martin.gibson@everett.com,862.936.4408
472,John Herrera,"Unit 0334 Box 3874
DPO AA 88331",john.herrera@garcia.info,627.799.9590
473,Kayla Acosta,"3855 Galloway Rapids Suite 364
East Felicia, MN 81318",kayla.acosta@henderson-fernandez.com,743-238-4793x188
474,Robert Jones,"467 White Mount
Foxville, IL 16401",robert.jones@matthews-carpenter.com,(691)388-0738x79835
475,Blake Lowery,"816 Brooke Unions Apt. 227
New Victorfurt, AR 50360",blake.lowery@andrade.net,348-893-4586
476,David Ellison Jr.,"56502 Davis Junctions Suite 999
Myershaven, MA 13106",david.ellison.jr.@rose.net,(838)504-9681
477,Robert Brown,"PSC 7172, Box 4486
APO AA 54685",robert.brown@harris-brown.com,(450)334-7837x42862
478,Steven Hinton,"Unit 5308 Box 8377
DPO AA 55514",steven.hinton@powers.biz,7757037623
479,Amber Thompson,"584 Freeman Greens Suite 656
East Sergio, FM 74641",amber.thompson@miranda.biz,+1-717-897-3059x707
480,Tiffany Phillips,"5604 Neal Lock Apt. 556
Mirandamouth, HI 09515",tiffany.phillips@rosales.com,+1-743-456-5143x6285
481,Kenneth Snyder MD,"USS Gomez
FPO AA 75173",kenneth.snyder.md@lopez-evans.com,001-534-984-5726x95467
482,Krystal Kirk,"PSC 8149, Box 9776
APO AP 03456",krystal.kirk@carpenter.com,424.425.9242
483,Melissa King,"2472 Austin Village
Kaylaburgh, GA 67334",melissa.king@hoover.biz,(445)398-8414
484,Alexis Steele MD,"091 Martinez Extensions Apt. 157
Benjaminbury, NV 58069",alexis.steele.md@parks.net,001-447-555-4463x24216
485,Linda Massey,"60349 Miguel Trail
North Lindsay, MI 62959",linda.massey@simon-conner.com,(316)515-2300
486,Linda Brown,"030 Harrington Route Suite 457
Sandovalfort, IL 33832",linda.brown@walker.com,001-739-376-2060x651
487,Jordan Wallace,"527 Elijah Path Suite 038
New Kathleenburgh, GU 69469",jordan.wallace@baker-phillips.com,8997043869
488,Evan Lawrence,"4123 Chavez Canyon
East Melissa, AR 28419",evan.lawrence@herring-hunter.biz,+1-702-336-4211x78227
489,David Jordan,"Unit 6336 Box 4120
DPO AE 08410",david.jordan@meza.com,276.419.0830x93532
490,Cynthia Sparks,"87244 Mark Flats Suite 102
Millertown, MA 67927",cynthia.sparks@mann.com,425.422.6658x91475
491,Ryan Dorsey,"4200 Robinson Track
Colonstad, AK 02771",ryan.dorsey@hart.org,+1-950-931-3171x760
492,Sarah Allen DDS,"29910 Ford Islands
Douglasshire, CO 81382",sarah.allen.dds@wood-diaz.org,001-375-962-6257x710
493,Bryce White,"06823 David Field Suite 386
Nancyfurt, KY 97765",bryce.white@horn-jackson.com,779-862-8638x82130
494,Maria Allen,"607 Joseph Road Suite 466
South Gregoryberg, MA 01513",maria.allen@nelson.com,311.953.1199
495,Brandon Drake,"513 Edwards Plains
New Lance, ND 70044",brandon.drake@smith.com,(449)356-6244x0973
496,Nicolas Bailey,"6167 Lewis Cove Apt. 352
Lake Alisonburgh, IA 40865",nicolas.bailey@meyer.com,001-910-894-0836x336
497,Benjamin Wall,"752 Dalton Walk
Longmouth, MI 99125",benjamin.wall@taylor.info,6003880276
498,David Hamilton,"1525 Hicks Mountains Suite 660
Jacksonville, NC 19485",david.hamilton@summers.com,(297)611-9134
499,Michele Garcia,"65886 Stephen Trail
North Danielfort, MT 15364",michele.garcia@medina.com,001-328-682-1180x39698
500,Christian Carter,"54081 Atkinson Villages Suite 285
New Karenton, AZ 06444",christian.carter@butler-perez.org,606.204.2826x36794
501,Jose Miller,"332 Matthew Ferry
South Nicholastown, GA 29146",jose.miller@woodard-kent.com,959-365-3791
502,Mr. Steven Hernandez,"80658 Hubbard Bridge
Harrisport, FM 53686",mr..steven.hernandez@lewis.com,819-468-0676x44376
503,Alan Jefferson,"043 Mark Heights
Sarahborough, IN 92264",alan.jefferson@lee.org,001-240-998-9466x428
504,Anna Daniels,"468 Martin Parkway Apt. 050
Wongton, WA 63178",anna.daniels@black.com,(686)681-6704x0915
505,Derrick Collier,"17576 Jennifer Common Apt. 660
Jessicaside, AS 34004",derrick.collier@hopkins.net,+1-405-617-3246
506,Dana Mills,"772 Diana Mall
Hessmouth, AK 08063",dana.mills@curry.info,+1-255-397-3233x659
507,James Francis,"36491 Rojas Ferry
Parkmouth, ME 33710",james.francis@williams.org,7296228044
508,Melinda Silva,"01603 Jason Terrace Apt. 433
West Andrew, DC 04747",melinda.silva@martinez.com,410-273-2913
509,Crystal Spencer,"397 Kelly Brook Suite 541
Mcgeebury, PA 81451",crystal.spencer@fuentes.biz,+1-612-893-8247
510,Jason Scott,"9471 Ashley Summit Suite 765
Wendyhaven, UT 01136",jason.scott@williams.info,583.629.1187
511,Jeanette Rodriguez MD,"46035 Sosa Via Apt. 473
Cherylberg, AL 96210",jeanette.rodriguez.md@vega.com,4326371269
512,Barbara Lindsey,"Unit 6775 Box 1036
DPO AP 25156",barbara.lindsey@peterson.org,+1-559-906-7601x8375
513,Barbara Reilly,"863 Michael Roads Apt. 706
North Brandi, IL 20641",barbara.reilly@meyer.org,931-559-2589
514,Joseph Barrera,"30215 Anthony Manor Apt. 235
Phillipsstad, UT 11747",joseph.barrera@alvarado.biz,247-407-3980x5975
515,Angela Dominguez,"22193 Brown Cape
Michaelside, MA 84075",angela.dominguez@vargas.com,848-925-3017
516,Tamara Freeman,"609 Stephanie Ports
Katherineview, OH 26976",tamara.freeman@noble.info,+1-414-775-7675x98267
517,Arthur Martinez,"USNV Boone
FPO AA 95446",arthur.martinez@green.com,838.851.6006
518,Anthony Cook,"USCGC Strong
FPO AE 28100",anthony.cook@anderson-gonzales.com,(758)875-8618x30145
519,Meredith Leonard,"03209 Bennett Ports
South Karenhaven, DC 55921",meredith.leonard@turner.com,(939)308-6320x42092
520,Cheryl Gordon,"43473 Nichols Manor Suite 825
Port Kevintown, NV 69605",cheryl.gordon@rodriguez.com,919.636.6449x979
521,Nicole Coffey,"4538 Robert Hill
Cochranton, UT 25381",nicole.coffey@oconnor.biz,(323)514-1732x04800
522,Diana Robles,"554 Allen Trafficway
South Edward, FL 83706",diana.robles@wilson.biz,001-708-384-0271x263
523,Tiffany Alexander,"468 Craig Plain
Barnettburgh, MO 58793",tiffany.alexander@taylor.com,(346)756-6899x172
524,Joseph Shaffer,"83845 Christian Springs
Olsontown, MD 42271",joseph.shaffer@wright.biz,+1-360-386-2259x2309
525,William Weber,"738 Johnson Garden Suite 015
South Darrell, LA 06069",william.weber@johnson.org,553-295-3021
526,Sarah Torres,"0655 Hernandez Mountain Apt. 946
Lorimouth, RI 62862",sarah.torres@rodriguez.info,206-257-1279x78103
527,Anna Meyer,"23496 Knight Hill Apt. 421
Jillianport, MO 36545",anna.meyer@schmidt-hunt.org,796-466-5714x36274
528,Nicholas Martinez,"812 Moore Parkway
East Antoniotown, OR 62447",nicholas.martinez@booth-rosales.biz,001-755-943-5816x61894
529,Christopher Thomas,"63498 Lee Spur
Wattsberg, SC 45837",christopher.thomas@davis.com,(219)409-8896x12919
530,Laura Obrien,"36053 Little Glens Apt. 493
Martinezstad, NY 61930",laura.obrien@moore.com,364.779.4716
531,Frederick Williamson,"5322 Olson Mill Suite 022
New Stephenfurt, HI 91523",frederick.williamson@king-smith.com,667.341.1440x88358
532,Mark Blair,"USCGC Elliott
FPO AE 36463",mark.blair@wu.com,001-974-407-8484
533,Antonio Hunter,"34334 Simpson Via
Brentberg, AK 36203",antonio.hunter@turner-miller.org,(784)639-1109x16875
534,Sandy Jones,"3657 Strickland Unions
Matthewhaven, IN 35513",sandy.jones@duran.com,(621)704-3643x97845
535,Joseph Berry,"4550 Cole Plains
Sandersbury, IL 31872",joseph.berry@parker-casey.com,001-589-478-6450x43660
536,Elizabeth Gray,"53499 Lopez Trail Apt. 883
Penaside, TN 34645",elizabeth.gray@johnson-wright.com,001-245-751-0266x959
537,George Smith,"826 Dominguez Ranch Apt. 654
East Cindychester, PR 97762",george.smith@lopez-warren.com,895-269-5423x7303
538,Jennifer Contreras,"Unit 9230 Box 0743
DPO AP 77897",jennifer.contreras@cain.com,970-564-7906x215
539,Kimberly Gardner,"991 Diana Forest
East Jessica, RI 63830",kimberly.gardner@jordan.info,(561)273-1854x82261
540,Nicole Johnson,"132 Fernandez Pines Suite 238
Kristinatown, PW 74591",nicole.johnson@poole.com,235-723-6074x47062
541,Jennifer Lin,"6051 Stanley Forks
New Juanburgh, MI 07824",jennifer.lin@moore.com,793.572.7709
542,Dylan Rich,"63457 Becky Camp
Lauraview, RI 62439",dylan.rich@peters.com,001-634-827-9522x412
543,Melissa Aguirre,"1825 Susan Highway Apt. 360
West Cynthiabury, FM 86060",melissa.aguirre@strickland-williams.com,958.298.3309
544,Zachary Bowers,"6264 Harris Mountain Apt. 744
Erikhaven, MT 91269",zachary.bowers@jones-patel.net,(709)516-9087
545,Victor Brown,"Unit 5737 Box 0755
DPO AE 96160",victor.brown@gonzalez-le.org,366.740.5412x025
546,Susan Rivers,"4171 Brian Vista Suite 650
Gilberttown, AR 41586",susan.rivers@kelly-blake.com,+1-267-811-3035x4127
547,Darlene Garcia,"4874 Sawyer Ways
Donaldmouth, MP 21026",darlene.garcia@johnson.com,001-866-563-7772x317
548,Paul Fox,"451 Shepard Ridge Apt. 278
North Melinda, AL 23112",paul.fox@barrera-price.com,+1-433-427-7150
549,Brian Campbell,"812 Nolan Ports
Travishaven, MS 22557",brian.campbell@clements.com,(610)230-4076x4907
550,Crystal Hunt,"472 Newman Ways
Humphreyview, NM 33981",crystal.hunt@griffith.info,+1-967-269-4939x963
551,Mathew Wilson,"3124 Carly Keys
Bryanchester, WY 92107",mathew.wilson@jackson.com,+1-538-662-2127x720
552,Patricia Cox,"9190 Rhodes Tunnel
West Sheila, PW 42462",patricia.cox@shelton-kelly.com,480.562.4617x06661
553,Carlos Yang,"026 James Corner Apt. 617
Jonathanland, VT 16455",carlos.yang@fischer-sanchez.com,602.644.0160
554,Noah Oneill,"701 Valencia Harbor
East Melissa, LA 59389",noah.oneill@hensley.com,965-823-9163
555,Renee Davis,"PSC 0253, Box 3072
APO AP 21079",renee.davis@mckenzie-diaz.com,238-972-9978
556,Dylan Bowers,"70460 Sims Ports Apt. 005
Lake Kariland, IA 41631",dylan.bowers@marks.com,+1-476-833-6900
557,Denise Brown,"PSC 5975, Box 5028
APO AE 39526",denise.brown@salazar-wang.info,+1-310-384-5099x17385
558,James Harris,"37356 Gutierrez Trail
Carlaburgh, SC 58499",james.harris@bailey.com,228-731-0657
559,Jessica Meyer,"0544 Crosby Prairie Suite 064
New Nicoleberg, VT 68885",jessica.meyer@robertson-cook.com,001-905-768-2208x17327
560,Lee Shelton,"9219 Mary Lodge
Lake Megan, SC 55612",lee.shelton@savage.com,900-644-3525x745
561,Brooke Wagner MD,"11625 Sanchez Roads Apt. 561
Williamston, PA 98509",brooke.wagner.md@smith-armstrong.com,4347518298
562,John Nelson,"60762 Ochoa Highway
North Adam, MH 65918",john.nelson@glover.com,934.261.3423
563,Jonathan Cooper,"6742 Laura Pike
Hernandezberg, AS 15500",jonathan.cooper@roberts.com,(899)995-6925x0177
564,Robert Brooks,"528 Christina Port Suite 735
Debraburgh, PR 61017",robert.brooks@edwards.net,(586)862-9049x638
565,Veronica Benjamin,"3834 Lindsey Lodge
Traceymouth, MT 73111",veronica.benjamin@acevedo.net,692-760-0393
566,Timothy Fox,"1577 Smith Courts Apt. 783
Lake Cynthia, OK 94879",timothy.fox@potter.biz,979.474.4897x65254
567,Kenneth Pitts,"482 Roberto Parks Apt. 976
West Dwaynefurt, NM 54330",kenneth.pitts@klein.org,723.332.4584x78463
568,Brandy Fowler,"816 Mcguire Path
Walkerport, AK 75272",brandy.fowler@hill-nelson.com,+1-481-876-9158x9991
569,Cheryl Valenzuela MD,"45977 Robinson Wall
Port Robert, MI 61907",cheryl.valenzuela.md@carter.biz,001-238-420-3209x013
570,Catherine Trujillo,"08633 Heather Locks
East Hollyland, LA 98511",catherine.trujillo@rios.com,711.330.0707x06534
571,Kimberly Long,"073 Natasha Walks
Kaitlinborough, VA 40887",kimberly.long@chen.com,357-967-8288x36488
572,Amanda Pearson,"PSC 1259, Box 8584
APO AE 16370",amanda.pearson@lutz-gonzalez.info,001-241-215-0187x430
573,Mathew Smith,"07414 Collins Shoal
West Glenn, NV 08339",mathew.smith@jenkins.com,(673)470-8806x892
574,Michelle Robinson,"60921 Robinson Extension
Gonzalezmouth, OR 18843",michelle.robinson@richards-osborne.com,900-590-5384x90899
575,Vincent Glass,"6343 Tina Trace
Danielleburgh, OK 94269",vincent.glass@castillo-cruz.com,+1-730-895-0258x3121
576,Luis Werner,"4337 Tracy Lakes
North Alyssaport, ND 37284",luis.werner@edwards.org,001-466-805-6033
577,Robert Bush,"4210 Carter Wells
North Matthewburgh, NH 31021",robert.bush@white-baker.com,+1-813-899-3136x114
578,Craig Bowman,"575 Garcia Manors
North Sharon, NJ 36019",craig.bowman@pollard.com,(459)991-3325x26520
579,Terry Holder,"769 Jeffrey Villages
Crossstad, IA 84029",terry.holder@cortez.org,+1-286-408-8537x064
580,Jennifer Berry,"6110 Betty Pines Apt. 361
Perkinsside, IN 89680",jennifer.berry@farley-bailey.net,870.898.9527x470
581,Bradley Jones,"8953 Li Garden
Harrisstad, PW 77547",bradley.jones@schwartz.com,(776)247-9312x2951
582,Mark Ruiz,"7330 Robert Crescent Suite 049
East Crystalport, PW 01118",mark.ruiz@lopez.com,260-590-6901x897
583,Meghan Shah,"21491 Michael Prairie Suite 381
Mcbridemouth, CO 44291",meghan.shah@blevins.info,+1-876-739-0122
584,Robert Gallegos,"143 Cox Skyway Apt. 121
South Ashley, VT 99417",robert.gallegos@nguyen-reed.com,329-594-5007
585,Leslie Brady,"440 Vasquez Way
Wallaceside, VT 91089",leslie.brady@baker.net,(621)820-0456x903
586,Patrick Thomas,"7855 Daniel Extension
Traviston, GU 50295",patrick.thomas@church.info,534.539.4074x95300
587,Sue Mason,"63536 Kelly Curve
Raymondhaven, VI 74185",sue.mason@taylor.com,744.733.2369
588,Kelsey Jenkins,"9421 Matthew Circles
Harrisonville, NC 81608",kelsey.jenkins@barnes-williams.net,001-458-829-2105x2984
589,Debra Sharp,"0802 Huang Center
Christyview, AS 31876",debra.sharp@hinton.com,799.657.3501x8963
590,Daniel Potts,"690 Miranda Highway Suite 119
West Destiny, CA 05410",daniel.potts@ramirez-rivers.net,001-920-474-0588x753
591,John Schneider,"908 Erica Road
Lake Edward, OR 79192",john.schneider@howe-shelton.org,905.825.2849
592,Melissa Matthews,"5505 Harris Lights
Lake Davidtown, AR 78695",melissa.matthews@moore-ruiz.com,765-625-4296x6031
593,David Smith,"989 Mendoza Gateway
Anthonytown, AR 26841",david.smith@hunter.com,944-344-0301x949
594,Tiffany Montoya,"11560 Jones Walk Apt. 318
New Lori, AL 27243",tiffany.montoya@clark.net,587-264-2482x618
595,Andrea Wilson,"079 Jordan Shoals
Manuelborough, MH 73042",andrea.wilson@peters-hernandez.com,4427544892
596,Miguel Marshall,"67054 Randy Prairie Apt. 134
Peterview, KS 62637",miguel.marshall@pham.info,425-740-8958x37377
597,Sara Stewart,"550 Walker Squares Apt. 521
Petersonland, GU 42470",sara.stewart@paul.com,(337)841-5524x8559
598,Terry Mullins,"18658 Johnson Summit Suite 647
Roachshire, FL 68521",terry.mullins@henderson-sampson.com,908.247.8926x554
599,Gregory Beard,"708 Mandy Fields
Bryanton, MN 53781",gregory.beard@haas.org,001-742-385-0186x9231
600,Henry Compton,"98303 Gary Port
South Kyle, FM 53997",henry.compton@beltran.info,001-533-568-0262
601,Mia Coleman,"164 Shannon Locks
Jennifermouth, FL 73463",mia.coleman@brown.net,001-212-810-5669
602,Samantha Matthews DDS,"915 Sarah Harbors Suite 802
West Collinland, VA 89529",samantha.matthews.dds@lopez-thomas.com,+1-317-718-7900x30208
603,Jackie Bradford,"095 Stephen Mill
Williamston, MH 51236",jackie.bradford@white-ryan.com,410.487.8551
604,Angelica Rodriguez,"21949 Heidi Way
East Annemouth, SD 54885",angelica.rodriguez@park.biz,(772)373-0963x36063
605,Susan Campbell,"9157 Kevin Squares Suite 312
Powersborough, MS 84311",susan.campbell@mcclure.org,213.836.0950x338
606,Madeline Hodge,"7536 Miguel Terrace Suite 444
East Samanthaland, UT 62117",madeline.hodge@aguirre-carrillo.org,(549)217-2002x742
607,David Farmer,"61844 Jesse Gardens Apt. 918
Aliciaside, MN 00657",david.farmer@simmons.info,913.457.1247
608,Felicia Green,"52034 Taylor Port Suite 451
South Leslieville, SC 63400",felicia.green@jones.info,(458)276-7952
609,Douglas Wright,"581 Gregory Lakes
Lake Natalie, NE 66254",douglas.wright@smith.net,(453)538-0314
610,Holly Lopez,"78403 Allen Hills
West Jonathanstad, AZ 98295",holly.lopez@wood.net,(679)407-8001x1545
611,Joshua Moore,"772 Eric Throughway
South Michael, PW 76324",joshua.moore@jensen.com,001-845-238-0975x4379
612,Katherine Martin,"2780 Renee Drive Suite 727
Lake Gabriela, WV 02451",katherine.martin@hall.com,+1-618-721-0854x37991
613,Ashley Roberts,"68601 Jacob Wells Suite 705
Nancyport, FL 78183",ashley.roberts@thornton.com,796.410.5749x155
614,James Giles,"98231 Lauren Ridges
Lake Michael, HI 79817",james.giles@blackwell-johnson.net,001-694-383-8168x192
615,Sierra Chandler,"278 Harrell Island
Savageland, AS 25154",sierra.chandler@hendrix.net,683-904-5585x2384
616,Daniel Mcbride,"42677 Brent Wall
Brewerstad, DE 97642",daniel.mcbride@sims.info,001-468-487-8491x325
617,Adrienne Miller,"9581 Samantha Pine
Doylehaven, TX 71047",adrienne.miller@miller.info,+1-383-979-3966x6440
618,Leslie Kennedy,"676 Arthur Forge
Heathburgh, IL 55128",leslie.kennedy@whitaker.com,6936790688
619,Lynn Nichols,"73840 White Views Suite 885
West Mark, NH 05713",lynn.nichols@edwards-joseph.com,2246252974
620,Daniel Michael,"691 Tyler Parkway
West Alicia, OR 24047",daniel.michael@miller.info,3126710320
621,Dawn Wood,"0478 Dustin Glen
North Robert, IA 78796",dawn.wood@torres.net,(559)873-0990x324
622,Kathleen Cordova,"822 Snyder Lodge
Lisafort, MN 79031",kathleen.cordova@gardner.biz,323.252.5036
623,Renee Ford,"USS Chang
FPO AA 14210",renee.ford@bonilla.com,001-587-330-7419
624,Karen Avila,"22466 Amber Well
South Aaron, ME 21683",karen.avila@herrera-murillo.org,001-455-332-3044x649
625,Michael Williams,"601 Sean Street Apt. 176
Port Ericborough, TN 40378",michael.williams@cantu-mclean.net,(825)330-5046x025
626,Jeffrey Harris,"10711 Bennett Alley
Taylorville, VT 90621",jeffrey.harris@thomas.com,756-481-2907x61565
627,Guy Davis,"33822 Frank Mountains Apt. 161
Wrightland, NE 91989",guy.davis@diaz.net,4347247738
628,Krista Baird,"39377 Daniels Green Suite 227
Thomashaven, HI 54533",krista.baird@jones-warren.com,784.423.2237x282
629,Betty Ramos,"116 Bailey Ramp
Lake Jeffreyfort, KY 98477",betty.ramos@oconnell.com,+1-421-298-5715x2523
630,Glenn Mitchell,"7243 Lauren Skyway
Lawsonstad, LA 48034",glenn.mitchell@carlson.com,920-273-0447x4653
631,Christopher Chandler,"06761 Jacob Highway
North Patriciamouth, AL 68125",christopher.chandler@johnson.info,(395)708-5683x0772
632,Kelly Gomez,"387 Matthew Terrace
Patrickport, WY 40550",kelly.gomez@patterson.org,+1-553-719-2237x7324
633,Pamela Anthony,"734 Wilkinson Hollow
Port Sharonton, HI 36903",pamela.anthony@mills-ray.net,+1-649-921-6521x8915
634,Tanya Johnson,"8883 Joseph Radial
Christopherbury, AL 80163",tanya.johnson@warren.net,001-243-344-9805
635,Kathleen Jacobs,"280 Williams Island Apt. 861
Port Mark, LA 36276",kathleen.jacobs@rubio.net,001-275-913-8004x3856
636,Beverly Mcdonald,"85414 Johnson Run
Lake Benjamin, NY 11601",beverly.mcdonald@lewis-cruz.com,(284)209-8843x581
637,Robert Wilson,"5413 Atkins Track Apt. 242
Melanieborough, PR 78329",robert.wilson@butler.org,(460)382-5069x8174
638,Michael Garcia,"39986 Vanessa Greens
South Jessicatown, DE 73672",michael.garcia@hale.biz,001-410-756-7851x752
639,Shelby Silva,"86153 Watson Neck
Mirandaton, AS 01173",shelby.silva@santos-edwards.com,+1-449-959-2422x705
640,Deborah Skinner,"809 Nancy Valleys
Kimberlymouth, MN 28724",deborah.skinner@campbell.com,+1-763-345-7620x5924
641,Kimberly Smith,"532 Edward Overpass
South Robertville, IL 42963",kimberly.smith@nichols-ortiz.com,531-271-5419x61758
642,Jason Delacruz,"48128 James Keys Apt. 880
Sarahbury, VI 69570",jason.delacruz@brown.net,(553)904-7859x63313
643,Mr. John Conrad,"505 Rios Shoal Apt. 391
Port Christopherton, NM 97102",mr..john.conrad@bowers.com,419-638-8564
644,Jonathan Bowen,"PSC 0781, Box 9858
APO AE 17585",jonathan.bowen@reilly-mcbride.com,459-279-8227x4268
645,Kayla Aguirre,"USNV Miller
FPO AE 89477",kayla.aguirre@lopez.com,001-767-652-6569x110
646,Joshua Elliott,"5933 Crystal Stream Apt. 086
Andersonview, PW 99152",joshua.elliott@gibbs-daniels.com,(876)897-5963
647,Elizabeth Franklin,"04797 Rivera Forks Apt. 363
Julieton, CO 29324",elizabeth.franklin@combs-hickman.biz,830-213-5727x4583
648,Matthew Levy,"8425 Gloria Place
New Nicoleside, MO 46822",matthew.levy@contreras.com,937.535.1572x0256
649,Elizabeth Garrison,"8504 Lisa Mews
Scottview, SC 04414",elizabeth.garrison@bowers.net,454-907-1473x262
650,Jeremiah Bell,"PSC 4426, Box 4838
APO AA 90690",jeremiah.bell@davis-garza.com,655.742.9404x27141
651,Karen Frazier,"979 Aguilar Curve
Pittmanberg, IL 00679",karen.frazier@flores.com,217-459-2776
652,Rebecca Brown,"202 Mclaughlin Forge
Port Kimberly, WY 53597",rebecca.brown@pearson-lopez.com,(684)261-4855x466
653,Jonathan Cobb,"106 Gray Court
Davisview, NJ 28395",jonathan.cobb@parker-jennings.biz,7794768305
654,Jesse Bradley,"USNS Hurley
FPO AA 96855",jesse.bradley@sanders-bishop.net,961-715-8049x88107
655,Emily Willis,"7750 Sydney Bypass Apt. 606
Derekstad, TN 69864",emily.willis@kim-dixon.org,001-681-364-4533x6873
656,Amy Morton,"8109 Vance Roads
Beverlyville, CO 42603",amy.morton@humphrey.biz,4333716456
657,Donna Thompson,"6677 Martinez Mews Suite 704
North Adriennestad, UT 81897",donna.thompson@medina.com,(670)840-7450
658,Mrs. Lisa Bradshaw,"42093 Jacob Tunnel
Lake Tyler, MS 49466",mrs..lisa.bradshaw@adams.net,304.736.0113x94475
659,Monica Branch,"1924 Thomas Village
West Aaronmouth, MP 87510",monica.branch@kim.com,(926)661-4053
660,Shawn Davis,"744 Mitchell Squares Apt. 437
Kaitlinville, FM 28800",shawn.davis@taylor-king.com,001-537-264-3506x411
661,Melanie Williams,"29802 Gibson Harbors Apt. 424
Murraystad, PA 98390",melanie.williams@davis.com,236.953.1149x637
662,Michele Watson,"871 Ortiz Vista Apt. 190
New Johntown, KS 10415",michele.watson@andrade.info,(397)350-3542x26816
663,Amber Lee,"8290 Ortiz Plains Suite 211
West Patrickfort, NE 35404",amber.lee@nguyen.com,6287041597
664,Donald Munoz,"7584 Valenzuela Way Suite 798
Hendersonchester, IN 66196",donald.munoz@williams-woodard.info,(651)810-2002x4772
665,Brittney Stewart,"32989 Brooks Inlet
North Melissatown, OR 62441",brittney.stewart@dunlap-torres.com,+1-401-566-7885x542
666,Laura Garcia,"392 Watts Shoal
Rossside, UT 03441",laura.garcia@dillon-gordon.com,001-496-613-4200x21192
667,Erika Walsh,"3755 Edward Estate
North Matthew, FL 17880",erika.walsh@cardenas.com,001-997-958-4882x88503
668,Katherine Brooks,"928 Steele Haven Apt. 078
South Catherinefort, FL 05099",katherine.brooks@allen.com,647-959-5919x026
669,Henry Watkins,"25253 Miller Causeway
South Samanthaburgh, NV 30232",henry.watkins@mcdaniel-lopez.info,001-347-289-7587x915
670,Sarah Calhoun,"20790 Garcia Parks
Guzmanberg, DE 57041",sarah.calhoun@wise.info,(620)994-2840
671,Michelle Taylor,"3749 Cathy Neck
Shepardbury, CO 86598",michelle.taylor@charles.biz,(806)805-5241x4913
